0000001110000000000111111111000000111111111110000111111111111100011111111111111011111111111111111111111111111111111111111111111111111111111111111111111111111111011111111111111101111111111111100011111111111110000111111111100000001111111100000000001111000000
0000011111000000000111111111100000111111111111000111111111111110011111111111111011111111111111101111111111111111111111111111111111111111111111110111111111111111011111111111111001111111111111100011111111111100000111111111100000001111111100000000001110000000
0000001111100000000011111111000000011111111110000011111111111100011111111111111001111111111111100111111111111110011111111111111111111111111111111111111111111110011111111111111001111111111111100111111111111100000111111111100000001111111000000000011111000000
0000000010000000000001111111100000011111111111000011111111111100001111111111111001111111111111101111111111111111111111111111111111111111111111111111111111111111011111111111111001111111111111100011111111111100000111111111110000001111111100000000011111000000
0000001111000000000011111111000000111111111110000111111111111110011111111111111001111111111111101111111111111111111111111111111111111111111111110111111111111110011111111111111001111111111111000011111111111000000111111111000000001111111000000000011111000000
0000000111000000000111111111100000111111111111000011111111111100011111111111111001111111111111100111111111111111111111111111111111111111111111110111111111111110011111111111111000111111111111000011111111111100000111111111100000001111111000000000000110000000
0000011111000000000011111111000000111111111110000111111111111100111111111111111011111111111111101111111111111111111111111111111111111111111111111111111111111111011111111111111000111111111111100011111111111100000111111111100000001111111100000000001110000000
0000001111000000000011111111000000111111111110000011111111111100011111111111111001111111111111100111111111111111011111111111111111111111111111111111111111111111011111111111111001111111111111100011111111111100001111111111100000001111111100000000001110000000
0000001111000000000111111111000000111111111111000111111111111110011111111111111011111111111111111111111111111111111111111111111111111111111111111111111111111111011111111111111101111111111111100011111111111110001111111111110000011111111110000000001111100000
0000001110000000000111111111000000111111111110000011111111111100011111111111111001111111111111101111111111111111111111111111111111111111111111111111111111111111011111111111111101111111111111100011111111111100000111111111110000001111111110000000000110000000
0000000110000000000001111111100000011111111111000001111111111110001111111111111100111111111111110111111111111111111111111111111111111111111111111111111111111111111111111111111100111111111111100111111111111100000111111111110000001111111100000000001111000000
0000011111100000000011111111100000011111111111000011111111111110011111111111111001111111111111101111111111111111111111111111111111111111111111111111111111111110111111111111111001111111111111000111111111111100001111111111100000001111111100000000001111000000
0000000111100000000001111111000000011111111110000111111111111100011111111111111001111111111111101111111111111111111111111111111111111111111111111111111111111110011111111111111001111111111111100111111111111100001111111111100000011111111100000000011110000000
0000000111100000000011111111100000011111111111000011111111111110011111111111111001111111111111110111111111111111111111111111111111111111111111111111111111111111111111111111111001111111111111100011111111111100001111111111110000011111111100000000001110000000
0000001110000000000111111111100000011111111111000011111111111100011111111111111001111111111111101111111111111111111111111111111111111111111111111111111111111111011111111111111001111111111111000011111111111100001111111111100000011111111100000000011111000000
0000000111000000000011111111100000111111111110000111111111111110011111111111111001111111111111111111111111111111111111111111111111111111111111111111111111111111011111111111111001111111111111100011111111111100000111111111100000001111111100000000011111000000
0000011110000000000011111111000000111111111110000011111111111100011111111111111001111111111111101111111111111110111111111111111011111111111111110111111111111111011111111111111001111111111111100011111111111100000111111111100000000111111110000000000111000000
0000001111100000000011111111000000111111111110000011111111111110011111111111111001111111111111111111111111111111111111111111111111111111111111110111111111111111011111111111111101111111111111100001111111111110000111111111110000000111111100000000000011000000
0000001100000000000011111111100000011111111110000011111111111100011111111111111001111111111111101111111111111110111111111111111111111111111111111111111111111111011111111111111001111111111111100011111111111110000111111111110000000111111100000000000011000000
0011100000000000001111111000000001111111111000000111111111110000011111111111100011111111111111001111111111111100111111111111111001111111111111110111111111111111011111111111111000111111111111100011111111111100000111111111100000001111111100000000001110000000
0000000011100000000011111111100000011111111111000111111111111110011111111111111001111111111111111111111111111111111111111111111111111111111111111111111111111111111111111111111001111111111111000111111111111000001111111111000000001111111000000000011110000000
0000001110000000000011111110000000011111111100000111111111111100011111111111110001111111111111101111111111111110111111111111111101111111111111110111111111111111011111111111111101111111111111100011111111111110000011111111100000000111111110000000001111100000
0000001100000000000111111111000000111111111110000111111111111100011111111111111011111111111111101111111111111111111111111111111111111111111111111111111111111111011111111111111101111111111111100011111111111110000111111111110000001111111100000000000111000000
0000001110000000000011111110000000111111111110000111111111111100011111111111111001111111111111101111111111111110111111111111111111111111111111111111111111111111111111111111111101111111111111100111111111111110001111111111111000011111111110000000000111110000
0000001111000000000011111111000000111111111110000011111111111110011111111111111011111111111111101111111111111111111111111111111111111111111111101111111111111110011111111111111001111111111111100111111111111100001111111111100000011111111100000000011111000000
0000000011100000000000011111100000000111111111000000111111111110000011111111111100011111111111110011111111111111011111111111111101111111111111111111111111111111111111111111111011111111111111001111111111111000011111111110000001111111000000000001110000000000
0000000111000000000011111111000000011111111111000111111111111100011111111111111001111111111111101111111111111110111111111111111111111111111111111111111111111111011111111111111001111111111111100011111111111100000111111111100000001111111100000000000111000000
0000011111000000000111111111000001111111111110001111111111111100111111111111111011111111111111100111111111111111111111111111111101111111111111110111111111111111011111111111111100111111111111100001111111111100000011111111110000000111111110000000000011000000
0000000111100000000011111111000000111111111111000011111111111110011111111111111001111111111111110111111111111111111111111111111111111111111111101111111111111110011111111111111001111111111111000011111111111100001111111111100000001111111000000000000110000000
0000000111000000000011111110000000011111111110000011111111111100011111111111111011111111111111111111111111111111111111111111111111111111111111111111111111111111011111111111111100111111111111100011111111111110000111111111110000000111111110000000001111110000
0000001110000000000011111100000000011111111110000011111111111000011111111111111001111111111111101111111111111111111111111111111111111111111111111111111111111111011111111111111001111111111111100011111111111100000111111111110000001111111110000000001111000000
0000001111100000000011111111000000001111111110000001111111111100001111111111111001111111111111101111111111111111111111111111111111111111111111111111111111111111111111111111111111111111111111100111111111111110001111111111110000011111111110000000111100000000
0000111110000000000111111100000000111111111100000111111111111100111111111111110011111111111111101111111111111110111111111111111111111111111111111111111111111111011111111111111111111111111111111111111111111111111111111111111000111111111110000000000011110000
0000011111000000000011111111000000111111111110000011111111111100011111111111111001111111111111100111111111111110111111111111111111111111111111111111111111111111011111111111111001111111111111100011111111111100001111111111110000001111111100000000001111100000
0000011000000000000011111100000000011111111000000011111111110000001111111111110001111111111111100111111111111110011111111111111011111111111111111111111111111111011111111111111101111111111111100011111111111100000111111111100000001111111100000000001110000000
0000001111000000000111111111000000111111111111000111111111111110111111111111111011111111111111111111111111111111111111111111111011111111111111001111111111111100011111111111100001111111111100000011111111110000001111111110000000011111110000000000011110000000
0000011111110000000111111111110000111111111111100111111111111111111111111111111011111111111111111111111111111111111111111111111111111111111111111111111111111110111111111111111001111111111111000011111111111100001111111111100000011111111100000000011111100000
0000000011110000000000111111110000001111111111100001111111111110001111111111111100111111111111110011111111111111111111111111111111111111111111111111111111111111111111111111111011111111111111000111111111111100001111111111100000111111111100000001111111000000
0000001111100000000011111111100000111111111111000111111111111110111111111111111011111111111111101111111111111111011111111111111011111111111111110111111111111111011111111111111000111111111111100011111111111100000111111111110000000111111100000000000110000000
0000001110000000000011111110000000011111111110000111111111111100011111111111111011111111111111111111111111111110111111111111111111111111111111111111111111111111111111111111111101111111111111101111111111111100011111111111100000011111111000000000100000000000
0000000011100000000000111111100000000111111111000001111111111110001111111111111101111111111111111111111111111111111111111111111111111111111111111111111111111111111111111111111001111111111111100011111111111110000111111111110000001111111100000000001111000000
0000111111000000001111111111000001111111111110000111111111111100111111111111110011111111111111101111111111111111111111111111111111111111111111110111111111111111011111111111111100111111111111100001111111111100000011111111100000000011111110000000000111110000
0000001111100000000011111111100000011111111111000011111111111110011111111111111111111111111111111111111111111111111111111111111111111111111111111111111111111111111111111111111101111111111111100111111111111110001111111111110000011111111100000000011111000000
0000000111100000000011111111000000011111111110000111111111111000011111111111110011111111111111101111111111111111011111111111111001111111111111110111111111111111001111111111111100111111111111100001111111111110000011111111100000000111111100000000000111100000
0000001111000000000011111111100000111111111111000111111111111100011111111111111001111111111111101111111111111110111111111111111111111111111111110111111111111110011111111111111001111111111111000111111111111000001111111111000000011111111000000000011111000000
0000001111100000000001111111000000001111111110000001111111111100011111111111111001111111111111110111111111111111111111111111111111111111111111111111111111111110111111111111111011111111111111000111111111111000011111111111000000111111111000000000111111000000
0000000111100000000001111111100000001111111111100001111111111111001111111111111100111111111111110011111111111111111111111111111111111111111111111111111111111111001111111111111100011111111111110000111111111111000001111111111100000011111111100000000000111000
0000001011000000000111111111000000111111111111000111111111111100011111111111111001111111111111110111111111111111111111111111111111111111111111111111111111111111111111111111111111111111111111100111111111111110001111111111110000011111111100000000011111000000
0000000111100000000001111111000000001111111111000011111111111110001111111111111001111111111111110111111111111111111111111111111111111111111111111111111111111110111111111111111001111111111111000111111111111100001111111111000000001111111000000000011111000000
0000111111000000001111111111000000111111111110000111111111111100111111111111111011111111111111101111111111111110111111111111111111111111111111110111111111111110011111111111111001111111111111100011111111111100000011111111100000000111111100000000000011000000
0000001110000000000011111110000000011111111110000011111111111100011111111111110001111111111111001111111111111110111111111111111011111111111111111111111111111111011111111111111101111111111111110011111111111100000111111111100000001111111100000000001111100000
0000111110000000000111111100000000111111111100000111111111111100011111111111111011111111111111101111111111111111111111111111111111111111111111110111111111111111111111111111111111111111111111101111111111111100000111111111100000001111111100000000011111100000
0000000011110000000001111111100000000111111110000001111111111100001111111111110011111111111111101111111111111110111111111111111111111111111111111111111111111111111111111111111111111111111111100111111111111100000111111111100000011111111100000000111111100000
0000001111100000000011111111100000111111111111000111111111111110011111111111111011111111111111101111111111111111111111111111111111111111111111111111111111111110111111111111111011111111111111100011111111111110000111111111110000000111111000000000000110000000
0000000111100000000001111111000000011111111110000011111111111100001111111111111001111111111111111111111111111111111111111111111111111111111111111111111111111111111111111111111001111111111111100011111111111100000111111111100000001111111100000000011111000000
0001111111110000000111111111100000111111111111000111111111111110011111111111111011111111111111101111111111111111111111111111111111111111111111110111111111111111011111111111111001111111111111100011111111111110001111111111100000011111111100000000111111000000
0000001110000000000011111110000000111111111110000111111111111000111111111111110011111111111111101111111111111111111111111111111101111111111111110111111111111111001111111111111000111111111111000001111111111100000011111111100000000011111100000000000011100000
0000001110000000000011111111000000011111111110000111111111111100011111111111111011111111111111101111111111111111111111111111111111111111111111111111111111111111111111111111111101111111111111110111111111111110001111111111100000111111111100000000111111100000
0000011111110000000001111111100000001111111111000001111111111110001111111111111001111111111111111111111111111111011111111111111111111111111111110111111111111111011111111111111001111111111111100011111111111100000111111111000000001111111000000000111110000000
0000011111000000000011111111000000111111111110000011111111111100011111111111111011111111111111100111111111111111011111111111111101111111111111111111111111111110111111111111111001111111111111100111111111111100001111111111100000011111111100000000011111000000
0001111111000000001111111111000001111111111110000111111111111100011111111111111001111111111111101111111111111111111111111111111111111111111111111111111111111111111111111111111001111111111111100011111111111100000011111111100000000111111100000000000111000000
0000011110000000000111111111000000111111111100000111111111111000011111111111110001111111111111101111111111111111111111111111111111111111111111101111111111111110011111111111110001111111111111000011111111111000001111111111000000111111111000000000011110000000
0000111111000000000011111110000000111111111110000111111111111100111111111111111011111111111111101111111111111111011111111111111111111111111111111111111111111111011111111111111000111111111111100001111111111111000011111111111000000011111111000000000011110000
0000001111000000000111111111000000111111111110000111111111111100011111111111110011111111111111101111111111111111111111111111111111111111111111111111111111111110011111111111111000111111111111000011111111111100000011111111110000000111111110000000000111000000
0000111111000000000111111111000000111111111111000111111111111110011111111111111011111111111111111111111111111111111111111111111101111111111111110111111111111111011111111111111000111111111111100001111111111100000011111111100000000111111100000000000111000000
0000111111000000000111111111000000111111111110000111111111111100111111111111110011111111111111101111111111111110111111111111111111111111111111110111111111111111001111111111111000111111111111100001111111111100000111111111110000000111111110000000000011100000
0000000011000000000001111111000000011111111111100011111111111111001111111111111101111111111111111111111111111111111111111111111111111111111111111111111111111111111111111111111001111111111111110011111111111110000111111111100000011111110110000000011111000000
0001111111100000000111111111110000111111111111100111111111111110011111111111111011111111111111111111111111111111111111111111111111111111111111110111111111111111011111111111111100111111111111100011111111111110001111111111110000111111111110000000111111000000
0000011100000000000011110000000000000111111000000001111111111000001111111111111001111111111111101111111111111110111111111111111111111111111111111111111111111111011111111111111101111111111111110111111111111110000111111111110000001111111111000000001111110000
0000111111000000001111111111000001111111111110000111111111111100111111111111111011111111111111101111111111111110111111111111111111111111111111110111111111111111011111111111111100111111111111100001111111111110000111111111110000000111111110000000000111100000
0000000100000000000001111110000000011111111110000011111111111100011111111111111011111111111111101111111111111110111111111111111111111111111111110111111111111110011111111111111001111111111111000011111111111000000111111111100000001111111100000000001111000000
0000001111000000000011111111000000011111111110000011111111111100011111111111111001111111111111101111111111111110111111111111111011111111111111100111111111111110011111111111110000111111111111000001111111111000000111111111100000001111111100000000001111000000
0000011110000000000111111111100000011111111111100011111111111110011111111111111101111111111111111111111111111111111111111111111111111111111111111111111111111111011111111111111101111111111111110011111111111100001111111111110000001111111100000000011111000000
0000011111110000000011111111100000011111111111000011111111111110011111111111111001111111111111110111111111111111111111111111111111111111111111111111111111111110011111111111111001111111111111100011111111111100000111111111100000011111111100000000011111000000
0000011111110000000111111111100000111111111110000111111111111110011111111111111111111111111111111111111111111110111111111111111011111111111111101111111111111110111111111111111011111111111111100111111111111110000111111111100000011111111110000000011111110000
0000011111100000000111111111100000111111111111000111111111111110011111111111111111111111111111111111111111111111111111111111111111111111111111111111111111111111011111111111111101111111111111100011111111111110000011111111110000000111111000000000000110000000
0000011111110000000011111111110000111111111111100011111111111110011111111111111111111111111111110111111111111111111111111111111111111111111111111111111111111111011111111111111000111111111111100011111111111100000111111111110000001111111100000000001111100000
0000011111100000000011111111000000011111111110000111111111111100011111111111111011111111111111111111111111111110111111111111111111111111111111111111111111111111111111111111111001111111111111100111111111111100000111111111100000001111111100000000001111000000
0000000001110000000000011111110000001111111111000001111111111110001111111111111101111111111111110111111111111111111111111111111111111111111111111111111111111111111111111111111001111111111111100111111111111110011111111111110000001111111100000000000001100000
0000001111000000000011111111100000111111111111000011111111111110011111111111111101111111111111111111111111111111111111111111111111111111111111110111111111111111011111111111111001111111111111100001111111111100000111111111100000001111111100000000001111100000
0000001111110000000001111111110000011111111111000011111111111110011111111111111101111111111111111111111111111111111111111111111111111111111111111111111111111110011111111111111001111111111111100011111111111100000011111111100000000111111100000000000111000000
0000000110000000000001111111100000011111111111000011111111111110011111111111111001111111111111111111111111111111111111111111111111111111111111111111111111111111111111111111111001111111111111100011111111111100000111111111100000011111111100000000011111000000
0000011111000000000111111111100000111111111110000111111111111100011111111111111011111111111111111111111111111111111111111111111111111111111111111111111111111111011111111111111000111111111111000011111111111100000111111111100000000111111110000000000000100000
0000011111110000000111111111100000111111111111000011111111111110011111111111111001111111111111110111111111111111111111111111111111111111111111110111111111111111011111111111111100111111111111100011111111111110000111111111110000001111111110000000001111110000
0000000111110000000001111111100000011111111111000001111111111110001111111111111101111111111111110111111111111111111111111111111111111111111111101111111111111110111111111111111011111111111111000111111111111100001111111111100000111111111000000000111100000000
0000000110000000000011111111000000001111111111000011111111111110001111111111111001111111111111110111111111111111011111111111111111111111111111111111111111111111011111111111110001111111111111000011111111111000001111111111000000011111111000000000001110000000
0000000110000000000111111110000000011111111110000111111111111000011111111111110011111111111111101111111111111110111111111111111011111111111111111111111111111111111111111111111111111111111111100111111111111110001111111111100000011111111100000000001100000000
0000000111100000000001111111100000011111111111000011111111111100001111111111111001111111111111100111111111111110111111111111111111111111111111111111111111111111111111111111111001111111111111000011111111111100001111111111100000011111111100000000011111100000
0000001111000000000011111111000000011111111110000011111111111110011111111111111001111111111111111111111111111111111111111111111111111111111111111111111111111111111111111111111111111111111111100111111111111110001111111111100000011111111100000000111111100000
0000011111100000000111111111100000111111111111000011111111111110011111111111111001111111111111111111111111111111111111111111111111111111111111111111111111111111011111111111111001111111111111100111111111111110001111111111110000011111111110000000011111100000
0000001111100000000011111111110000011111111111100011111111111110011111111111111001111111111111111111111111111111111111111111111111111111111111111111111111111111011111111111111101111111111111100111111111111110001111111111110000011111111110000000011111100000
0000011111100000000111111111000000111111111110000111111111111100111111111111110011111111111111101111111111111110111111111111111111111111111111111111111111111111011111111111111001111111111111100011111111111110000111111111110000001111111110000000000111100000
0000001111100000000011111111100000011111111111000011111111111110011111111111111001111111111111100111111111111111111111111111111111111111111111111111111111111110111111111111111001111111111111000111111111111100001111111111100000011111111100000000011110000000
0000111110000000000111111111000000111111111110000111111111111100111111111111111011111111111111101111111111111111111111111111111111111111111111111111111111111111111111111111111101111111111111110111111111111110001111111111111000011111111110000000001111100000
0000011111100000000011111111100000011111111111100011111111111110011111111111111101111111111111111111111111111111111111111111111111111111111111111111111111111110111111111111111011111111111111000111111111111100001111111111100000011111111000000000111110000000
0000011111000000000111111111100000111111111110000111111111111100011111111111111011111111111111101111111111111110111111111111111111111111111111110111111111111111011111111111111001111111111111100011111111111100000111111111100000000111111100000000000111000000
0000111111000000000111111111000000111111111110000111111111111100111111111111111011111111111111111111111111111111111111111111111111111111111111111111111111111111111111111111111001111111111111100011111111111110001111111111110000001111111100000000001111000000
0000001111000000000011111111000000011111111110000011111111111100011111111111111001111111111111101111111111111111111111111111111111111111111111111111111111111111111111111111111101111111111111110111111111111110001111111111111000011111111111000000001111110000
0000000110000000000011111110000000011111111100000011111111111110011111111111111111111111111111111111111111111111111111111111111111111111111111111111111111111111011111111111111101111111111111100011111111111110000111111111110000001111111110000000001111000000
0000001111100000000011111111000000011111111111000011111111111100011111111111111001111111111111111111111111111111111111111111111111111111111111111111111111111111111111111111111101111111111111110011111111111110000111111111110000001111111110000000000111100000
0000011100000000000011111110000000111111111110000111111111111100011111111111111011111111111111101111111111111111111111111111111111111111111111111111111111111111011111111111111100111111111111110011111111111110000111111111111000001111111110000000001111110000
0000001111100000000011111111100000011111111111000011111111111100011111111111111011111111111111111111111111111111111111111111111111111111111111111111111111111111111111111111111001111111111111000011111111111100001111111111100000001111111100000000011111000000
0000001111100000000011111111100000011111111110000011111111111110011111111111111101111111111111111111111111111111111111111111111111111111111111110111111111111111011111111111111101111111111111100001111111111110000011111111110000001111111110000000001111100000
0000111100000000000111111111000000111111111110000011111111111100011111111111111011111111111111111111111111111111111111111111111111111111111111111111111111111111011111111111111101111111111111110011111111111110000111111111000000001111111000000000001111000000
0000000011010000000000011111110000001111111111000011111111111110001111111111110001111111111111101111111111111110111111111111111111111111111111111111111111111111011111111111111100111111111111110001111111111110000111111111111000011111111111000000100111111000
0000111110000000001111111111000001111111111110000111111111111100011111111111111001111111111111110111111111111111111111111111111111111111111111110111111111111111001111111111111000011111111111100000111111111100000000111111100000000001111100000000000001100000
0000111111111000000111111111100000111111111111000111111111111100111111111111111011111111111111101111111111111111111111111111111111111111111111101111111111111110111111111111111001111111111111000111111111111100001111111111100000011111111100000000011111100000
0000111111000000000111111110000000111111111110000011111111111100011111111111111001111111111111101111111111111111111111111111111111111111111111111111111111111110111111111111111001111111111111000011111111111100001111111111100000001111111000000000001110000000
0000011110000000000111111110000000111111111000000111111111110000011111111111100011111111111111101111111111111110111111111111111111111111111111111111111111111111011111111111111100111111111111100001111111111110000111111111111000001111111111000000001111110000
0000000111111000000001111111110000001111111111000001111111111110001111111111111101111111111111110111111111111111111111111111111011111111111111101111111111111110011111111111111000011111111111100001111111111100000011111111110000000111111110000000000111100000
0000001110000000000011111111000000011111111110000111111111111110011111111111111011111111111111111111111111111111111111111111111111111111111111111111111111111110111111111111111011111111111111100111111111111100001111111111000000011111111000000000011110000000
0000011111110000000011111111110000011111111111000011111111111110011111111111111101111111111111111111111111111111111111111111111111111111111111111111111111111110011111111111111001111111111111000011111111111100000111111111100000001111111110000000001111110000
0000011111100000000111111111000000111111111110000111111111111100011111111111111011111111111111111111111111111111111111111111111111111111111111111111111111111111111111111111111101111111111111100011111111111100000111111111100000001111111100000000001111000000
0000011111100000000011111111100000011111111111000011111111111110011111111111111101111111111111111111111111111111111111111111111111111111111111111111111111111111111111111111111011111111111111000111111111111100001111111111100000011111111100000000111111100000
0000001111110000000111111111100000111111111111000011111111111110011111111111111111111111111111111111111111111111111111111111111111111111111111111111111111111111111111111111111101111111111111100011111111111100000111111111100000001111111100000000001111000000
0000000111110000000011111111110000001111111111100001111111111110000111111111111000111111111111110011111111111111011111111111111111111111111111111111111111111110111111111111111011111111111111000111111111111100001111111111100000011111111100000000111111100000
0000011111100000000111111111000000111111111110000011111111111100011111111111111001111111111111101111111111111111111111111111111111111111111111111111111111111111111111111111111101111111111111100111111111111100001111111111100000011111111100000000011111000000
0000011111100000000011111111100000111111111111000111111111111110011111111111111011111111111111111111111111111111111111111111111111111111111111111111111111111111111111111111111001111111111111100011111111111100000111111111100000001111111100000000011111000000
0000011111100000000011111111110000111111111111100011111111111110011111111111111101111111111111111111111111111111111111111111111111111111111111110111111111111111001111111111111000111111111111100001111111111100000011111111100000000111111000000000001111000000
0000011110000000000011111110000000011111111110000011111111111100011111111111110001111111111111101111111111111110111111111111111111111111111111111111111111111111011111111111111000111111111111000011111111111100000111111111100000000111111000000000000110000000
0001111111000000001111111111100000111111111111000011111111111110011111111111111001111111111111110111111111111111011111111111111111111111111111111111111111111110111111111111110001111111111111000111111111111000001111111110000000011111100000000000011110000000
0000001100000000000111111111000000111111111111000111111111111110011111111111111101111111111111110111111111111111111111111111111111111111111111111111111111111111011111111111111001111111111111100011111111111110001111111111110000001111111110000000001111100000
0000011111111000001111111111100001111111111111000111111111111110111111111111111011111111111111111111111111111111111111111111111111111111111111110111111111111111011111111111111001111111111111000011111111111100000111111111100000001111111000000000001110000000
0000011111000000000011111111000000011111111111000011111111111110001111111111111001111111111111111111111111111111111111111111111111111111111111111111111111111111011111111111111100111111111111110011111111111110000111111111110000000111111111000000000111111000
0000000010000000000000011000000000000111000000001111111111110000001111111111100001111111111111100111111111111110111111111111111111111111111111110111111111111111111111111111111011111111111111100111111111111110000111111111110000001111111110000000011111100000
0000000000001100000000000000110000000011000011000001111111001100001111111111110001111111111111110111111111111111011111111111110011111111111110001111111111111100011111111111110001111111111111000011111111111000000111111111000000001111111000000000000110000000
0000111111000000000111111111000000011111111110000011111111111100011111111111110001111111111111101111111111111110111111111111111111111111111111110111111111111100011111111111110000111111111111100001111111111110000011111111110000000111111110000000000111000000
0000011111000000000111111111000001111111111110000111111111111100111111111111111011111111111111101111111111111111111111111111111111111111111111111111111111111111011111111111111101111111111111100011111111111110000111111111110000000111111110000000000111100000
0000111111000000001111111111000001111111111111000111111111111100111111111111111011111111111111111111111111111111111111111111111011111111111111011111111111111111111111111111111101111111111111100011111111111100001111111111110000001111111100000000001111000000
0000000111000000000111111111100001111111111110000111111111111100011111111111111011111111111111101111111111111111011111111111111111111111111111111111111111111110011111111111111000111111111111000001111111111100000111111111000000001111110000000000011110000000
0000111111100000000011111111000000011111111111000011111111111100011111111111111101111111111111111111111111111111111111111111111111111111111111100111111111111110011111111111111001111111111111000011111111111000001111111111100000001111111100000000011110000000
0000000111100000000011111111000000011111111110000011111111111100011111111111111001111111111111111111111111111111111111111111111111111111111111110111111111111110011111111111111011111111111111100111111111111100000111111111100000000111110000000000001110000000
0000001111100000000001111111000000101111111110000111111111111100011111111111110011111111111111101111111111111110111111111111111101111111111111110111111111111110001111111111111000111111111111000001111111111100000011111111100000000111111100000000000111000000
0000000111000000000000111111100000111111111111100011111111111110011111111111111101111111111111110111111111111111111111111111111011111111111111001111111111111100011111111111110001111111111111000111111111111000001111111111000000001111111100000000011111000000
0000011111000000000011111111000000011111111110000011111111111110001111111111111000111111111111110111111111111111111111111111111011111111111111101111111111111111011111111111110000111111111110000011111111111000001111111111100000011111111000000000001110000000
0000011100000000001111111100000000111111111100000111111111111000111111111111110011111111111111000111111111111110011111111111111101111111111111110111111111111111111111111111111001111111111111001111111111111100011111111111100000111111111100000000011110000000
0000011111000000000011111100000000011111111000000011111111111000001111111111110001111111111111001111111111111110111111111111111101111111111111110111111111111111011111111111111001111111111111000011111111111100001111111111100000001111111100000000000111000000
0000111111100000000111111111000000111111111110000111111111111100011111111111111011111111111111101111111111111111111111111111111111111111111111111111111111111111011111111111111001111111111111100011111111111100000111111111110000001111111100000000001111000000
0000001111110000000001111111100000011111111111000011111111111110011111111111111001111111111111111111111111111111111111111111111111111111111111111111111111111111111111111111111011111111111111100111111111111100001111111111100000011111111100000000111111100000
0000011111100000000011111111000000111111111110000011111111111100011111111111111011111111111111101111111111111110111111111111111111111111111111111111111111111111011111111111111101111111111111100011111111111100001111111111110000001111111110000000011111110000
0000111111000000000111111111000000111111111110000011111111111100011111111111111011111111111111101111111111111111111111111111111111111111111111111111111111111111111111111111111111111111111111100111111111111100001111111111100000011111111100000000011111100000
0000011111100000000011111111100000011111111110000011111111111100011111111111111001111111111111111111111111111111111111111111111111111111111111111111111111111111011111111111111101111111111111100011111111111100000111111111100000001111111110000000011111100000
0000011111100000000111111111100000011111111111000011111111111110011111111111111111111111111111111111111111111111111111111111111111111111111111111111111111111110111111111111111001111111111111000111111111111000001111111111000000011111111000000000011111000000
0000011111100000000111111111100000111111111111000111111111111110011111111111111011111111111111111111111111111111111111111111111111111111111111111111111111111111111111111111111101111111111111100111111111111110000111111111100000001111111100000000011111100000
0000001111100000000111111111100000011111111111000011111111111110011111111111111011111111111111111111111111111111111111111111111111111111111111111111111111111111111111111111111011111111111111000111111111111100001111111111100000111111111100000000111111000000
0001111110000000001111111100000001111111111100001111111111111100111111111111110011111111111111101111111111111111111111111111111111111111111111110111111111111111011111111111111100111111111111110011111111111110000011111111111000000111111111000000000111110000
0000001111100000000011111111100000111111111111000011111111111110011111111111111001111111111111111111111111111111111111111111111101111111111111110111111111111111011111111111111000111111111111100011111111111100001111111111110000001111111110000000011111000000
0000111111110000000111111111110000111111111111000111111111111110011111111111111011111111111111111111111111111111111111111111111111111111111111111111111111111111111111111111111101111111111111100111111111111110001111111111110000011111111110000000011111110000
0000011110000000000111111110000000111111111110000111111111111100011111111111110011111111111111101111111111111111111111111111111111111111111111111111111111111111011111111111111101111111111111110011111111111110000011111111110000001111111110000000001111110000
0000001111100000000011111111100000011111111111000011111111111100001111111111111001111111111111110111111111111111111111111111111111111111111111111111111111111111011111111111111101111111111111110011111111111110001111111111110000001111111110000000011111110000
0000111110000000000011111111000001111111111110000111111111111000111111111111110001111111111110000111111111111000111111100111000011111111001100001100111111110001110001111111111100100000111111100001000001111100000010000011100000000000001000000000001111000000
0000111100100000111111111111000011111111110001001111111111000010111111111111000101111111111110011111111111011101111111111110001011111111111001110111111111111111001111111111111100011111111111100001111111111100000011111111100000000111111100000000001111100000
0000000001000000000011001000000000111111100000000111111110000000111111111100000011111111111000001111111111111100111111111111111001111111111111100111111111111110011111111111111001111111111111100111111111111100000011111110000000001110000000000000010000000000
0110000000000000111111100000000011111111111000001111110111110000111110001111000011111000111110001111100011111000111111001111110001111101111111100011111111111110000111111111111100011111111111110000111111111110000011111111111000000111111111000000000011111000
0001111111110000000111111111100001111111111111101111111111111110111111111111111111111111111111111111111111111111111111111111111101111111111111111111111111111111111111100111111101111110000111010011011100011001000000001011111000000000011110000000000111011000
0011111110000000001111111000000000110011100000000010000111110000000011001111100000110000111111000100000111111110111011111111111111111111111111111111111111111111111111111111111101111111111111100111111111111110000111111111111000001111111111000000011111100000
0000110000000000000111110000000000011111110000000011111111100000001111111110100001111111111111000111110001111110011111000011111111111101110111110111110111011111001111000001111100111110000111110001111111111111000011111111111000000111111111100000000011111100
0001111101000000111111111111000011111111111110000111111111111000001111111111110001111110011111100111100000111110011111000011111100111101101111100111111101111111011111111111111000111111111111100001111111111100000111111111100000000111111110000000001100000000
0001111000000000011111111000000011111111110000001111111111111110111111111111111110001111111111111000001111111111100000111111111101101111111111110111110011111000011111011100000011101110000000001100011000000000111001110000000011111111000000000111001000000000
0000000111000000000011111111000000001111111111000001111111111100001111110111111001111111111111101111111111111110111111111111100011111111111110001111111111100000111111111110100011111111111110000011111110011000000111111111000000001111111100000000001111100000
0000000011000000000000011111110000011111111111100001111111111110000111111111111000111111111111100111111111111111011111111111111100111111111111110111110011111111011110001011111101111000001111111111100100111110111110000111111000011101111110000001111100110000
0011011110000000011111111110000001111111111110000111111111111000011111111111000011111111111111101111111111111111001111010111111100011111101111110001111100011111000111110000111100011111000011100000111111001100000001111000100000000111101010000000000011111000
0011111100000000001111111110000001111111111100001111111111111000101111111111110010101111111111101011111111111111011111111111111101111111111111110111111111111111011111111111111100111111111111100011111111111110000011111111110000000111111110000000000111000000
0000111111100000000111111110000000011100100000000110010010110000011000000000000001000000100000001100100001100000111000000010000011110000000000000111000001100000001111111111100000010111101111000000111111111110000000111111100000000111111100000000011100000000
0000001110000100000111111111110001111111111111100111111111111110011111111111111011111111111111111111111111111111111000111111111111100000101111110110011111111110011111111111111000111001111111000011111111110000000011111110000000000111110000000000001100000000
0000000111110000000000111111100000011110000001000110101000001110101111110000011011111111111011111011011100100111111111011001001101111111111100110011011111010011001111111111111100010010111111100001111011000110000011111111110000000111111110000000000111110000
0000011110000000000111111111000000011111111100000011110111111000011111101111110001111100111111100111110001001101111011100100110111100111110111011111000110000101111010100100001101101110000001100111110000111000001111101011100000111111111100000000011111100000
0011111000000000011111111100000001000001111000001100000000111000110000000000110010000000001001001100000000000110111000000000001011110000000001110111111000000011001011000000001000100010000001100011110101001110000011111111111000000011111111110000000000111111
0000111111100000001110000111000000111000000011000100000000001100110000000000001011000000000000101100000000000011110000000000001101100000000000110111000000000011001100001001011100010010001101100001111100111110000011100111100000001100100000000000011110000000
0001111111100000001111111111000001111111111110000111111111111100111111110011010011111110000111101111111001011111111011000011111111111110011011111111111010001111011111100000011000100111100101100011111111011100000111011111100000001111111100000000001111100000
0011111110000000011111111000000011111111111000001111111000000000110001000000000011011100000010001111110000001100111111001111110011111110001111100111111111111111011111111111111100111111111111110001111111111111000011111111111000000011111111000000000111111000
0000111111000000001111111111100001111111111110000111111111111110111111111111111011111111111111111111111111111111111111111111111111111111111111110111111011111111011111101111111000101110111111100001101111111110000011111111110000000011111110000000000111110000
0000111111000000001111111111100001111111111111000111111011111110111111111111111011111111101111111111111111111111111111111111111101111111111111110111111111111111001111111111111100111111111111100011111111111110000111111111111000001111111111000000001111100000
0000011111000000000111111111000000111111111110000111111111111100111111111111111011111111111111101111111111111111111111111111111111110111111111111111011111111111011111011111111101111111111111110011111111111111000111111111110000001111111110000000001111100000
0000011111100000000111111111100000111111111111000111111111111110011111111111111011111111111111111111111111111111111111111111111111111111101111111111111110000111011111111111011001111111111111110011111110111110000111111111110000001111111110000000011111110000
0000000001110000000000011111110000000111111111100000011111111110000011111111111100001111111111110000111101111111000011101111111100001110111111110001111111111111000111111111111001111111111111101111111101111100111101111111110001100001111100000010000001000000
0000111111110000001111111111100000111111111111000011111111111110011111111111111000011111111111110011111111111111001111111111111100111110001111110011111111111111000011101111111100011011111111100001111111111100000011111111110000000111111110000000000011000000
0000001111111000000111111111110000111111111111000011111111111110011111111111111001111111111111101111111111111111111111111111111111110111111111111111001111111110111100111111111001111011111111000111111111111100001111111111110000011111111110000000011111000000
0000011111110000000111100111100000010000000110000110000000111110010000100001111011000000010111101100000011000111100001111110011111000011110001111000001111110111110000011100011101100000010011100110000000001110001111100011110000001111111110000000011111100000
0000000111000000000011111110000000011111111100000011111111111000011111111111110001111111111111110111110011111111111111001111111111111000001111101111010000011110111111100011111011111111111111000111111111111000011111111111100000111111111110000000111011110000
0000010111111000000011111111010000011111110101000011111111111100011111111111111001111111111111111111111111111111111111111111111111111111111111101111111111111110111111111111110001111111111110000011111111110000000111111110000000011110110000000001110000000000
0000000011100000000010111111100000011111111111000001111111111110001111111111111001111111001111111111111111111111111111111111111111111111111111111111111111111111111111111111111101111111111111110011111111111110000111111111100000001111111100000000011110000000
0000001111000000000011111110000000011111111100000011111111111110001111111100111101111111110111110010001111111110010000011111111001000000111111101110000001111100111000001111100011111011111000001111111111100000011111111110000000111111111000000000111110000000
0000001101110000000011111111100000011111001110000011111100111100011111111111111011111111111111101111111111111111111111111111111111111111111111111111111111111111111111111111111101111111111111110011111111111110000000111111111000000001111111100000000000111000
0000111000000000000011111111000000011111111110000011111111111100011111111111111001111111111111101111111111111111111101001111111101111100111111111111111111111111011111111111111101111111111111100111111111111100001111111111100000011111111100000000111110000000
0000111111100000000011011110000000011111111100000000111111111100111111111111111010111111111111101011111111011101111111110111100111111111001111111111111111100110101111111111110011111011111110001111101111110000111111111111000001111111000000000111100000000000
0000111011000000000111111111000001111111111111001111111111111110111111111111111011111111111111110111111011111111011111101111111101111111111111111111111111111111111111101111111001111100111111100111111111111100000111111111100000000111111000000000001111000000
0000011111000000000011111111000000011111111111000011111111111110001111111111111100111111111111110111111111111111111110111111111111111111011111111111011111111111111100011111111111111110111111100111111111111100001111111111110000011111110110000000001110000000
0000011110000000001111111111000001111111111111001111111111111100111111111111111011000000111111110101000111111110011111111111111101111111111111100111111111111111001111111111111100011111111111110001111111111110000001111111110000000011111000000000000111000000
0000000001111110000000011111111100000011111111110000111111111111000011111111111100001111111111110000011111111110000011111111111011100111111110000111111111101110000011111111110000000011111111000000001111111100000000000111110000000000000111100000000000010000
0000011100000000000011110000000000111111111000000111111111110000111111111111000011111111111100001111111111111000111111111111100011111111111111101111111111111011111111111111111111111111111111111111100011111101011110100111111100001111111111000000000111110000
0000011100000000000001111000000000001111100000000001111111100000001111111111000000111111111100000111111111111000011111110111000001111110111110000111110011111110111111111111111111111111111111110111111111111110000111111111000000001111111000000000001111000000
0000000001111000000000011111111000000111111111110001111111111111001111111111111111111111111111101111111111010011111111111111111111111111111111111111111111111111011111111111011000011111111111000000111111111000000001111110000000000111111000000000000111000000
0000111100000000000111110000000000111111100000000111111000010000111111000000111011111000110011101111100001000111111110000000011111111100000011110111111100111111011111111111111100011111111111110001111111111111000011111111111100000111111111100000000111111100
0011100000000000001111111100000001111111111100001111111111111000111111111111110011111111111111101111111111111111011111111111111111111111110000110111111110000011011111111000001100111111100000100001111111101110000011111111111000000111111111100000000011111100
0000011011110000000011111111100000111110011111000111110111111100011111111111111001111111111111101111111111111111111111111111111111111111111111111111111111111111111111111111111111111111111111100111111111111100011111111111100000111111111000000001111101000000
0001000001100000001111111010000001111111000000000111111000100000111111110000000011111111100000101111111111000001111111111110011111111111111111110111111111111111011111111111111000111111111111100011111111111100000111111111000000001111111100000000001111000000
0000111110001000000111111111111000111111111111100011111111111110001111111111111000111111111111100111111111111110111111111111111111111111111111111111111111111111111110111111111111111111111111110011110111111111000000011111111100000001011111100000000111111000
0000111111001000000111110000000000111110000000100111111000000011111111100000001011111111000000100111111110000111111111111110011111111111111111111111111111111111011111111111111001111111111111100011111111111000001111111111000000011111111100000000100111100000
0000000011100000000001111111000000001111111111000001111111111110001111111111111101111111111111111111100011111111111100000111111111100000011111111111000001111111111110001111111011111111111111100111111111111100000111111111000000000111111000000000000011000000
0000000011110000000000111111110000001111111111100001111111111100000111111111110000011111111111100011111111111111011111111111111111111111111111111111111111111011011111111111000001111111110000000011111111100100000111111111110000000111111110000000000111100000
0000001100000000000001111100000000001111110000000001111111100000001111111110000001111111111111001111111111111110011111111111111011111111100011111111111110001111111111111000111100111111110011110001111111111100000001111111000000000011111000000000000101000000
0000001111000000000011111111000000111111111111100011111111111110011111111111111101111111111111111111111111011111111111111101111111111111111111110111111111111111011110111111111101111101111111100011111111111110000111111111110000001111111110000000011111110000
0000000111100000000111111111000001111111111111000111101111111110011111101111111011111111111111111111110111111111111111111111111111111111111111110011111111111111001111111111101100111111111000100011111111111100000111111111110000000011111100000000000011110000
0000001111000000000011111111000000111111111110000111111111111100011111111111111001111111111011111111111111101111111111111111111111111011111111101111111111111110011111111111111001111111111111100011111111111100000111111111100000001111111100000000001111000000
0000000111110000000000111111110000001111111111000001111111111110000000111111111001000011111111100100001111111110011000111111111001110011111111100111111111111111011111111111111111111111111111111111111111111110111111111111110001111111111110000001111111000000
0000111111000000000111111110000000111111111110000111011111111100011111011111110011111101111111101101111111111110111111111111011010111111111111111011111101111110111011111111111011001111111110110111111111111111001111111111111000000110001111100000000111100000
0000011100000000000011111000000000011111111000000011111111110000001001001111100001101110111111001111110111100000011111111100001001011111111101101110111111111111111001111111011101110110111111110001111111101111000001111111111000000011111111000000000001110000
0001111110000000111111111000000011111111111000000111111111100000001111110010000000011111010010000001111111001100000111111100101000011111111000100001111111110110000011111111100100001101111011110000111111111111000000111111111000000001111111000000000001111100
0000111100000000000111111110000000111000011110000110000000111000011010000000110011000000000001101110000000000110100000000000001110000000000000111000000000000011100000000000001111000000000001110110000000001110001111000001110000001111111110000000000111000000
0011111100000000010111111110000010011111111100001011111111111000111111111111110011111111111111101001111111111110000111111101011000011111111111100111111111111011011111111111011100111111111001110011111111110111000111111111011000001111111111000000001111110000
0000000001100000000000001111110000000011111111100000111111111110000111111111111100111111111111110111111011111111011111011111111111111111111111111111111111111110011111111111111000111111111111000001111111110000000011111000000000000111000000000000001100000000
0000011111100000000111111111100000111111111111000111101110111110011111111111111011111111001011110111111100101111111111111000111111111010111111111111111111111110011111111111111001111111111100000011111111100000001111111110000000001111110000000000011111000000
0000001111110000000011111111110000111111111111000011111111111110011111111111111101111111111111110111111111111111111111111111111111111100100011111111100011111110111110001111111011111111111111100111110111111100001111111111100000011111111100000000001110000000
0000000000111000000000001111110000000011111101100000011111010111000100101111111100110111111111110011111011001111001111111100111101111111110111111110111111111110111111011111111011111111111111001111111111111000111111111111000001111111111000000001111100000000
0000000101000000001001111111000000111100001110000110000000011100010000000000110010000000000000101110000000000011000000000000001110000000000000111000000000000011100000000000001111100000000011100111111000011100011111111111000001111111100000000001111000000000
0000011111000000111111111111000011111111001110001011011011111000100000111110110010010100011111100101111100111110010100100001111000111000000111110001011000011111000110111001111100001001111011110000010011011111000001101101111100000001111111100000000001100100
0000000001100000000000011110000000000010111000000000110000010000001111000001101001100000000011101000000000000110100000000000011010000000000001110000100001000011010100000000011001000000011111000100001111110000011111110100000000101111000000000001100000000000
0000011111111000000011111111100000111101001111000011000000011110011000000000111100000000000001110000000000000111110000010101011110000001010001111000000001110110110000000100011011100000110000000010000111111000000101111111100000001111111100000000001111100000
0011100000000000001111111110000000111111111110000111111111111100111111111111111011111111111111110111111111111111011111111111111100111111011111110001111011111110000111111111111000001111111111100000011111111110000001111111111000000011111111000000000000110000
0000011110000000000111111111000000011111011110000011111111111100001111111111111001111001111111100111111111111111111101111111111111111011111111111111100111111110111111011111110001101111111100000011111111100000001111111110000000011111100000000000111100000000
0000000100010000001111111111110000111110111111100111111110011111111011010101111111000111110110011100000000110011110000000001011111000000000100111100000001000011011000000000111100110111010001110011000100101110001110011101110000011011011110000000011111100000
0000001111100000000011111111100000011111111111000011111111111100011111111111111011111111111111101111111111111111111111101110111111110111111111110111011001111111011110100111111101011111111111110111111111111110000111111111110000011111111111000000001111110000
0000111111100000001111111111000001111111111111000111101111111100111110101111111011111110111111101111111111111110111111111111111111011110111111110100111011111111000011101111111100011111111111110001111111111110000011111111111000000011111111000000000011111000
0000001111111000000001111111110000001111111111000011011110111110011111111001111011111111100011110111111111001111111111011101111111111111101111101111100011111110111111111110111001111110101111100111111110111100001111110111100000011111111100000000111110000000
0000011111110000000111111000110000111111111111000011111111011110011001110100011011101111111111111111001110110111111101111111110111110111111110111111111111111111111111111001111101111111111111100011111111111100001001111111110000010011111110000000111111000000
0000000011111000000011111010000000111111111011100111111111111001111111111111110111111111111111111111111111111101011111111111111101110111111111100111111111111110011111111111111001111110111111000111111111111000001111111111000000011111101000000000011111100000
0000111110000000001111111110000001111111111100000111111111111100011111100111111011111111110111101111111111111110111111111111111111111111111111110111111111111111011111111111111101111111111111110011111111111110000111111111110000000111111110000000000111100000
0000001111110000000011111110100000011111110111000011110111111010011110111111111001111011111111110111111111111111111111110111111111111111111111111011111011111111101111111110111001101001111111100010111111111100001110111111100000011110111100000000001111100000
0000001110000000000011111110000000111111111100000011110000111000011110000001100001110000000111111111100010011111111110111111111111111111101111111111111111111111111111111111111011111111111111100111111111111110001111111111111000011111111110000000011111100000
0000001111100000000001111111100000011111111111000011111111111110011111111111111001111100011111111111111001111111111111111011111111111110101111111111111111111111111111111111111101101111111111100111111111111100001111111111100000011111111000000000011110000000
0000111100000000001111111111000000111111111010000111010000111000011111110010011001110110010111101100010111101110110100011001111011100001111011110111001000000111011111100001011101111100000011100000111100011110000001110101110000000001101111000000000101100000
0000011111000000000111111111000000011011111110000011111111111100011111111111111001111110111111111111110111111111111110111111111111111011100111110111110100011111001111110111111000001111111111100000011111111100000000111111100000000011011110000000000011000000
0000011111100000000011111011100000001110000011000000100010111110001111100100011001111110000011110111110100000011111111110000000111111111110001110111111110000001011111100000011100011110000000100001110000000110000011000001110000000111111110000000000111110000
0000110111100000000111111111000000111111111100000111111111111000111111111111110011111111111111101111100001111110111110100111111001111110011111100111111111111111011111111111111100111111111111110001111111111110000011111111111000000111111111000000000111110000
0000011111100000000111111111000000111111111110000111111111111100011111101111111011111111110111101111111111110111111111111111111111111111111111111111111001111111011111000011111101111111001111100001111111111110000111110001110000001111111110000000001111110000
0000011111110000000010011111110000110011111111000011111111111110011111111111111111111111111111111111111111111111111111111111111111100111100111111111111111111111111111111111111001111111111111100111111111111100001111111111100000011111111100000000111111000000
0000011110000000000011111110000000111111111111000011111111111010011111111111101001111111111111011111111111101111111111111111111111111111111111101111111111111110111111111111110001111111111111000011111111111100001111111111100000011111111100000000011111000000
0000000111100000000001111111000000001111111011000000111111111110000110111111111000010101111111100110111111111111111001111111011111111111100111111111111111001111111111111111111011111111111111100111111111111100011111111111100000111011111000000000001110000000
0000001111100000000011111111100000011111111111000011111111111110011111111111111001111111111111111111111111111111111101111111111111110011111111111111111111111111111111110011111111111111001111100111111100111100001111111111100000011111111100000000011111000000
0000001101000000000011011111000000011111111110000011111111111110011111111111111001111111111111111111111111111111111111111111111111111111111111111111111111111111111111111111111101111111111111100111111110011110001111111011110000011111110110000000111100000000
0000000011111000000011111111111000011101111111110011111111111111011111111001111101110110010111111111111000101110111111110101111011111111111111001001111111111000111111111111000001111111111100000111111111100000011111111100000000011111100000000000011000000000
0000000011110000000000111001100000001111110111000000111111111110000111111111111100011111111111110011111110111111001111111111011001111111001111101011111111111110101111111111110011111101111110000111111111111000011111111111000000111111110000000001111000000000
0000001001111000000011111111110000001111111110000001111100111100001111111111110001111111000011000111111001001111111001100100111111111100001111101110100000110100111111101111110011111100111111001111111111111000011111111111100000111111111100000001111010000000
0000000000000000000000011100000000000011101100000000111111111100000011111111111000011111111111110001111111001111001111111100111101111111000111100111111100011110111111111111111011111111111111001111111111111000011111111111000001111111110000000001111000000000
0000011101111000000111110011110000011111011111100011111111111111011111111111111101111111111111111111111111111111111111111111111111111111111111111111111111111111011101111111111001111111111111100111111111111100001001111111100000011111111000000000011100000000
0000001111000000000011111111100000011101110011000011111111111110011111110001111001111100001111111111100000001111111100000001111111000000000111111111100000100111111100000100111011011000001111100111101111111110001110111100011000011100111111000000011111100000
0000001111100000000011111111100000111111111111000011111111111100011111111111111001110011111111111111110111111111111100111111111111111111111111111111111111111111111111111111111011111111111111100111111111111100001111111111100000011111111100000000011111000000
0000001110000000000011111100000000011111111100000010011111111000010111111111110000011111111111100001111111111110010001111111111111001111111111111111111111111111111111111111111111111111111111110111111111111111011111111111111000011111101110000000111100000000
0000010111000000000010111111000000110000011111000011000000011100010000000000111011110000000011101001000001000111000001101010100110001110001110011000111000111111111111110111111101101110011111110111001101111110001110110111110000001111011110000000011100000000
0000000111100000000000111111100000110100011111100010000000001011010100000000010110010000000000011000000000000011100000000000000011110000000001111100000000000011010000110000011001100011100000100000000010000000000111110001000000001100111000000000011111000000
0000000001100000000001110111110000111111111111100111111111111110000000011111111011001001111111111001100111011111100111010000111100000110000111111111111010011110111110000010110011111000001011000111100101111000001111111110000000011111100000000000011000000000
0000000111100000000001100011100000111110011111000111101001110100011000000110111011000010011111111110001001100111111110100010011111100111100111111111111111111111011110010111111101111001111111100011101111111010000111111111000000001111111111000000001111111000
0000001100000000000011111111100000011111111110000011110001111000011111111000111001110011110111111111001111111111111101011111111111111101100011111111100110111111111111111111111011111111111111100111111111111100001111111111100000011111111110000000011111100000
0000001111000000000011111111110000011111111111100011111111111110011111111111111101111111100011111111111110001001111111111101110111111110111001001111111111010001111111110111000111111110000000100110111100100100001111111111110000111111111111000001111110000000
0000000111000000000000111111000000000111111110000000111111111110000111111111111000111111111111110101111011111111001111101111111100011111111111100001110111111110011110011111110011111011111111001111111111111000011111111111000000111111111000000001111100000000
0000111100000000001111111100000001111111111000000111111111100000111111111111000011111111111111001111111111111010111111111111111111111111111111111111111111111111011111111111111100111111111111100001111111111110000011111111110000000111111110000000000110000000
0000011111100000000111111111000000111111111110000111010010101110111100111010011011111111111001111111111111111111111101111110011111100111111101111100011111100111010000111000011100000001101001100011100110001110000010111110110000000111101110000000000111100000
0000111100000000001101111100000000011111111000000001111111100000000111111011000011011111111100001111111111110000111111111111010011111111111111110101111111111111011110111110000000111111111000000001111101100000000000000110000000000000011000000000000001000000
0000110000000000001011010000000000110111111000000001111111111000001111111111110001111111111111001111011111111100011000111111111001100011111111010011111111111000000011111111000000000001111000000000000001100000000000000110000000000000011000000000000000100000
0000001111110000000011100000100000111100000001000110000000000010011000000000001001000000000000101100000000000010100000000100001011000000111111101100000101111111100000111111011011010111111001101111111111110100011111111111110001110111111100000000000011100000
0011110000000000011111111000000001111111000110001111111100111100111111110011111011111111111111101111111100111110111111110000111011111110100011110111111110000111011111110000011100111111000001110001111110100110000011111001111000000011111111000000000111111000
0000011100000000000000111100000000001001111000000111100011111000111110001111110011111111111111101111111111111110011111111111111101111111111111110111111111111111011111111111111101111111111111110011111111111110001111111111110000001111111110000000001111100000
0000011111110000000010011111100000111001111111000011100111011110011111111100011011111111110000111111001011110111110100001110110111011000111111111100000011110111111100111111111111111111111111100111111111111110001111111110110000011111111110000000111111110000
0000011111000000000110000111000000100000011110000100000000011000010000000001110011000000000111101000000000011111100000000001100111000000001110010000000000011110100000000000110011000000000011001100000000010000011000000110000000000110110000000000000110000000
0000000000000000000000000000000000000000000000000000000000000000000000000000000100000000000000000000000000000000000000000000000000000000000000000000000000000000000000000000000000000000000000000011000000000000000000000000000000001100100000000000001010000000
0000011111110000000111111111100000011111111111100001111111111110001111111111111000111111111111110111111111111111011111111111111101100111111111111110011111111111111101111111111011110001111111000111001011100000011111111000000000111100000000000001110000000000
0000011100000000001111100000000001111110000000001111101000010000111111110000010001111110111000110001111011111111001111111000101100111111110110110111111111101111011111110010111101110000111011100110100011111100001111111111000000011111111000000000011000000000
0000000001100000000000001001000000000000101100000000000111111000000000011111100000111111111110000111111111111100111111011011110011101111111111101101111111011110111111111101111111111111111111100111111111111110000011111111100000000011111110000000000011110110
0000001110000000000011111110000000011111111100000011100111111000011110001111110001111000001111100111111000111110111011100011111011101111110001100100000111000110011000001100000001100000111100000011111111110000000111111110000000001111111000000000001111000000
0001111110000000011111111111000011111111111110001111111111111110111011111111111011100111111111111111100111111111110110011111111111011011111111110111101111111111111110011101111111111100011111101111110111011110011111111111100000111111111100000001111111100000
0000000010110000000000110001100000000010011111000000111111111110000011111111111000011111111111100001111111111011001111111111111101111111111111111111111111111111111111111111111111111111111111111001111111111110111111111111110001111111111110000001111111110000
0000000001111100000000001111111000000111111111110001111111000011111111111100011111111111111111110111111111111011011111111111111101111111111111111111111111111111011111111111011001111111111111000011111111111100000111111111110000001111111110000000001111110000
0000111111100000000011111110011000111111111001100111111111111110011111111111111101111111111111111111111111111111111111111111111111111111111111101111111111111110101111111111111011111111111111000011111111111100000011111111100000000001111100000000000001110000
0011100000010000001111111111100001011111111111001100011111111100110001111111111011101111111111111111111111111111011111111111111101111111111111110111111111111110011111111111111001111111111111100011111111111110001111111111110000001111111110000000011111110000
0000011111111000000111111111110000111111111111100111111111111110111111111111111111111111111111111111111111111111111111111111111111111111111111111111111111111111111111111110001001111111101000100111111111111110001111001110111000011111001111000000001111111000
0001111111110000001111111111100001111111111111000111111111111111011111111111111111111111111111111111111111111111111111111111111101111111111111110111111111111111001111111111111100111111111101110011111111100011000111110111111000011110001100000000011111100000
0001000111000000001111111111100001011111111111000100111111111100010011000100110001111000010001111111110000101111111111110111111111111111111111111111111111111111011111111100111101111111111111100011111111101110001111111111110000011111111100000000011110000000
0001100000000000001101100110000000110000000111100010000000011110000000000001111010000000000011100000000000001110010000000000011000000000100000100100000011000010011000001000000001110000000001000000110110100000000011111111000000001111111000000000001110000000
0000001111110000000001111111100000111111111111000011111111111100011100011111111001111000111111101111001111111110111110111111111001111111111111110111111111111111011111111111111000111111111111000011111111111100000111111111100000001111110000000000011110000000
0000000111000000000000111111100000011001111110000000000111111010010001111111000101001111111111111111111111111110111111111111111111111111111111111111111111111111111111111111111011111111111111100111111111111100001111111111100000011111111000000000111110000000
0001111000000000011100010000000001010111000000000111111100000000011111111000000001110001110000001111000001100000111001000010011001110001100000100011110010010000001111110000000001111111000000000011111100000010001111111000110000111111100000000001110000000000
0000001100000000000001111110000000000111111110000000111111111000001111111111111001111111111111111111111111111111111111111111111111110111101110100110000110010000011000011000001001100000110001100001101111101100000111111111000000000111111000000000000110000000
0000100000000000000111111100000000011111110010000011111110000000011111110000000001111110000000000111111000000000011110000000000001110000000000001110000000000000111000000000000011100000000000000110000000000000011100000000000000111110000000010000111111110100
0000001110000000000001111100000000011111110000000011111111111100011111111111110001111110011111101111111001111111111111101111111111111111011111111111111101111111011111111111111001100111111111100010011111111100000111111111100000011111111100000000111111000000
0000111111000000000111111111000000111111111110000111111111111100111111111111111011111111111111101111111111110011111001111111011100110111111111010001111111111111000001111111111100000011111111110000011110011110000001111001110000000011111110000000000110000000
0001000000100000001111111111000001111111111110000111111111111100011111111111111001111111111111110111111111111111111111111111111010111111111111101001111111111111011111111111111100111111111111100001111111111110000001111111111000000011111110000000001111100000
0000111111100000000011100111000000011111011110000011111111111000011111111111110001111111111111100111111111111111111111111111111111111111111111111111111111111111111111111111111111111111111111110011111111111110001111111111111000000111111110000000011111000000
0000001111000000000011111111100000111111111111000111111111111100011111111111110001111111111111101111111110011111111111111000111111111111111101101000111100111010100001110011111010001111010011001111111111111110110000000001110001000100001100000011101110000000
0000011110000000000111111110000000111111111100000111111111111100011111111111110011111111111111111110000111111111111000101111111111110011111111111111001111111111111101110111111101111001111111100011111111111110000111111111110000001111111111000000111111110000
0000011111000000000011111111100000011111111111000011111111111110011111111111111001111111111111111111111110111111111111111011111111111111101111101111110111111110011111011111111001111111111111100011111111111110000111111111110000001111111110000000000111000000
0000011111000000000011111110000000011111111100000011111111111000011111111111100001111111111111101111111111111111111111111111111111111001111111111111100111111111011111111001111100111111110111110011111111110011000111111111111100001111111111100000001111100000
0000000011100000000001111111100000001111111111100001111111111111001111100000111101111100111011111110000000010110111010111110011100111100111001000111100110000000001111111010000000011111111110000000111101111100000000001111110000000001111111000000000110000000
0000000000001100000000000000100000000000000011000000000000011100000000000011110000000111111111100001111111111110001111100111111100111111111111110011111111111111111111111111111001111111111111000111111111111000001111111110000000111111111000000001111110000000
0000010000000000000111111000000000111111111111000011111111111110011111111111111001111101111111111111101111111110001111111111111111111111111111101111111111111010111111111111110001111111111111000111111111111000001111111111100000111111111100000000001010000000
0000000001010000000000111111100000000001111111000000001111111100111111111111111011111111111111100111111111111111111111111111111111111111101111111111111111111110010111111111111000011111110111100001111111011110000011111111110000001111111111000000100000110000
0000000010100000000000011111110000000011111111000000111111111100000111111111111000011011111111100001001111111110000110111111111100011111111111100001111111111111111111111111111111111111111111101011111111111110001111111111111100000000000111000000000000011100
0000001100000000000111111110000000111111111100000011111100110000011111110011100011111111101111111111111111111110111111111111111011111111111111101111111111111110011111111111111001111111111111100011111111111100000001111111000000000011111100000000000111000000
0000001100000000000011111100000000011111111110000011111111111110011111111111111001111111111111100111111100001111111111111111111111111111011111110111111111111110011111111111111000111111111111000011011111111000000000111111000000000000111100000000000011000000
0000000000010000000000111111000000000011111110000110111111111100011111111111111001111111111000111111111111111111111111111111110000011111111111100011111111011110000011111001110000000111101111000000001111111100000000111111110000000001111010000000000001110000
