Input to the system:
0000000000000000  
0010001000000000  
0000110000000000  
0110111100000000  
1111111110000000  
0111111100000010  
0001111111110010  
0000011111110000  
0000111111100000  
0000111111110000  
0001111111100000  
0001111111100000  
0001111111100000  
0000111111000000  
0000011100000000  
0000001000000000  

Feature Map Output:
 
00000011311000
00001124331000
00112344542100
01134455543100
01345555543100
01345555542100
01245555532000
01235555543110
11123445544311
11112345555442
01000134554533
00000124443233
00000013331312
00000011210010
   
Padded 16x16 Matrix:

1111111111111111
1000000113110001
1000011243310001
1001123445421001
1011344555431001
1013455555431001
1013455555421001
1012455555320001
1012355555431101
1111234455443111
1111123455554421
1010001345545331
1000001244432331
1000000133313121
1000000112100101
1111111111111111
  
Pooled 8x8 Output:

11113111
11245411
13555411
13555411
12555431
11245553
10024433
11112111
  
Final Classification Result: 1  (diseased)
